1  0  
1  
      
3  9  8 
3  
100
F  E  1  1  375  1  5
F  P  1  2  190  1  4
F  E  1  3  375  1  5
F  P  1  4  190  1  4
F  E  1  5  375  1  5
F  P  1  6  190  1  4
F  E  1  7  375  1  5
F  P  1  8  190  1  4
F  E  1  9   375 1  5
F  P  1  10  190  1  4
F  E  1  11  375  1  5
F  P  1  12  190  1  4
F  E  1  13  375  1  5
F  P  1  14  190  1  4
F  E  1  15  375  1  5
F  P  1  16  190  1  4
F  E  1  17  375  1  5
F  P  1  18  190  1  4
F  E  1  19  375  1  5
F  P  1  20  190  1  4
F  E  1  21  375  1  5
F  P  1  22  190  1  4
F  E  1  23  375  1  5
F  P  1  24  190  1  4
F  E  1  25  375  1  5
F  P  1  26  190  1  4
F  E  1  27  375  1  5
F  P  1  28  190  1  4
F  E  1  29  375  1  5
F  P  1  30  190  1  4
F  E  1  31  375  1  5
F  P  1  32  190  1  4
F  E  1  33  375  1  5
F  P  1  34  190  1  4
F  E  1  35  375  1  5
F  P  1  36  190  1  4
F  E  1  37  375  1  5
F  P  1  38  190  1  4
F  E  1  39  375  1  5
F  P  1  40  190  1  4
F  E  1  41  375  1  5
F  P  1  42  190  1  4
F  E  1  43  375  1  5
F  P  1  44  190  1  4
F  E  1  45  375  1  5
F  P  1  46  190  1  4
F  E  1  47  375  1  5
F  P  1  48  190  1  4
F  E  1  49  375  1  5
F  P  1  50  190  1  4
F  E  1  51  375  1  5
F  P  1  52  190  1  4
F  E  1  53  375  1  5
F  P  1  54  190  1  4
F  E  1  55  375  1  5
F  P  1  56  190  1  4
F  E  1  57  375  1  5
F  P  1  58  190  1  4
F  E  1  59  375  1  5
F  P  1  60  190  1  4
F  E  1  61  375  1  5
F  P  1  62  190  1  4
F  E  1  63  375  1  5
F  P  1  64  190  1  4
F  E  1  65  375  1  5
F  P  1  66  190  1  4
F  E  1  67  375  1  5
F  P  1  68  190  1  4
F  E  1  69  375  1  5
F  P  1  70  190  1  4
F  E  1  71  375  1  5
F  P  1  72  190  1  4
F  E  1  73  375  1  5
F  P  1  74  190  1  4
F  E  1  75  375  1  5
F  P  1  76  190  1  4
F  E  1  77  375  1  5
F  P  1  78  190  1  4
F  E  1  79  375  1  5
F  P  1  80  190  1  4
F  E  1  81  375  1  5
F  P  1  82  190  1  4
F  E  1  83  375  1  5
F  P  1  84  190  1  4
F  E  1  85  375  1  5
F  P  1  86  190  1  4
F  E  1  87  375  1  5
F  P  1  88  190  1  4
F  E  1  89  375  1  5
F  P  1  90  190  1  4
F  E  1  91  375  1  5
F  P  1  92  190  1  4
F  E  1  93  375  1  5
F  P  1  94  190  1  4
F  E  1  95  375  1  5
F  P  1  96  190  1  4
F  E  1  97  375  1  5
F  P  1  98  190  1  4
F  E  1  99  375  1  5
F  P  1  100  190  1  4
